[info]
phone_num  = 18328614554
password = gth123

[cookies]
q_c1 = 5653ec7d906549509957c07bd514e017|1474470361000|1474470361000
cap_id = "NzBhM2Y5YWU3NzhjNGMyMGE4YzRkMTYzMDk0YjFjYzk=|1474470361|fbb6bd7b44fd7761d22bd83d77aaa14970f1efe8"
_za = ecd57637-92a7-4096-ae65-be9cf6fdf167
__utmt = 1
__utma = 51854390.1776808247.1474468004.1474468004.1474473794.2
__utmb = 51854390.4.10.1474473794
__utmc = 51854390
__utmz = 51854390.1474468004.1.1.utmcsr=baidu|utmccn=(organic)|utmcmd=organic
__utmv = 51854390.100--|2=registration_date=20160707=1^3=entry_date=20160707=1
z_c0 = Mi4wQUhDQXp1TXFNUW9Ba0lENWlseVRDaGNBQUFCaEFsVk5faTRLV0FBZ2JTNXk4NUstQ0pXMDd2TXlpQzA3SFUtVnFB|1474475140|e0c9ec81cd36a6fc3a820beb5947ba27b5f696d7
_xsrf = 31e047512ced4086e2daf0de70c4e2bd

